STA	DIST	AmpRatio	dT
SKR	3,203	0,28	480,61
APCB	3,484	0,28176	480,615
KRM	4,068	0,47223	479,615
PETB	4,405	0,45397	480,155
PET1	4,410	0,40153	480,145
PET	4,410	0,40233	480,16
NGL	5,233	0,2217	480,115
OKH	5,426	0,4263	479,655
LZAE	5,429	0,15169	482,525
LZAC	5,513	0,257	480,715
LZLA	5,514	0,26796	480,665
LZ1	5,573	0,14664	480,59
LZBB	5,609	0,1519	479,875
LZ2	5,639	0,16387	481,19
CPUP	5,640	0,1616	480,48
ESO	5,641	0,40994	479,65
TYV	5,699	0,40393	479,985
KZV	5,970	0,30472	479,37
GO03	6,178	0,37159	479,965
KIR	6,407	0,28695	479,42
BZW	6,486	0,56935	479,245
PLSP	6,552	0,39812	479,535
BZG	6,569	0,37878	479,31
PLAR	6,642	0,27532	478,8
KRS	6,656	0,27668	479,42
CIR	6,686	0,31086	479,07
PLTT	6,693	0,28281	480,285
PLWB	6,696	0,18468	479,795
PLAN	6,703	0,34794	480,11
UGL1	6,779	0,28288	479,19
PLRR	6,798	0,28253	480,02
PLSE	6,823	0,23183	480,595
GO04	6,833	0,21838	480,375
PLCO	6,882	0,20819	480,1
PLBR	6,918	0,2166	479,895
TIGL	6,936	0,27421	478,96
PLLA	6,980	0,42425	479,975
PLMN	6,991	0,24762	479,6
PLSQ	7,017	0,28731	479,985
PL03	7,041	0,38312	479,825
PLSM	7,107	0,4287	480,185
PLCL	7,174	0,55329	480,045
PLLC	7,226	0,31504	479,855
PLHS	7,231	0,35112	480,305
SMK	7,277	0,27801	478,89
KUR	7,329	0,20632	479,14
DOL	7,455	0,31057	478,61
UTSM	7,679	0,46936	479,76
UTTM	7,680	0,53796	479,42
NVA	7,689	0,14297	479,145
KBG	7,710	0,28687	477,29
YSS	7,721	0,18217	478,42
SSH	7,722	0,15547	478,8
KBG	7,729	0,45024	477,265
UTQU	7,729	0,22025	479,815
KBT	7,740	0,23414	478,72
UTLV	7,757	0,2639	480,065
UTCA	7,775	0,12803	479,305
UTZN	7,792	0,25205	478,61
A741	7,816	0,27979	479,185
A732	7,816	0,19492	480,24
UTLA2	7,826	0,26378	479,735
UTMK	7,885	0,34381	479,6
UTSS	7,907	0,33078	479,87
UTKH	7,938	0,30772	479,645
KOR	7,945	0,2318	479,46
UTLO	7,958	0,26418	479,62
KHL	8,002	0,38017	480,205
UTLL	8,010	0,42331	479,83
NEV	8,360	0,36529	480,275
TE13	8,423	0,19591	478,13
TE12	8,452	0,49367	478,345
TE11	8,470	0,46128	479,05
TE10	8,510	0,49642	479,27
TE09	8,548	0,25789	478,995
TE08	8,564	0,2137	478,96
TE07	8,593	0,19747	478,92
TE06	8,620	0,21385	478,91
TE05	8,650	0,20478	479,145
TE04	8,683	0,20445	478,915
TE03	8,704	0,22324	478,825
TE02	8,735	0,25374	478,98
TE01	8,763	0,22624	478,965
TN09	8,828	0,61423	478,77
TN10	8,839	0,54015	478,725
TN11	8,849	0,47065	478,49
TN12	8,860	0,40053	478,71
YUK	8,958	0,14719	477,855
SYNH	9,193	0,12168	478,68
SFNH	9,231	0,05734	477,815
SFSH	9,276	0,07296	477,505
HTBH	9,278	0,3174	477,9
JSE	9,349	0,24219	477,91
JWK2	9,366	0,17609	478,195
SYSH	9,375	0,09414	477,96
WNEH	9,418	0,15657	479,605
UNNH	9,449	0,14035	477,46
NTBH	9,495	0,0699	477,315
HNBH	9,496	0,12195	477,975
WNWH	9,512	0,16661	478,17
SRMH	9,531	0,19346	478,105
OPEH	9,534	0,15903	477,635
STSH	9,551	0,1731	477,77
KMZH	9,552	0,09514	477,705
TYTH	9,561	0,24132	477,62
OUMH	9,570	0,10916	478,345
OPWH	9,584	0,09951	478,015
MMBH	9,591	0,07698	477,255
ONPH	9,613	0,04946	477,96
OSS	9,614	0,19981	477,47
NEM2	9,638	0,17207	477,78
NMR	9,638	0,16845	477,785
TSOH	9,660	0,10659	476,755
BFEH	9,661	0,25721	479,1
JTKR	9,667	0,16861	477,595
RBN	9,688	0,13535	477,48
MDD	9,689	0,17199	477,735
TNK	9,709	0,10121	478,02
BFNH	9,735	0,1387	477,575
JNK	9,738	0,11418	477,55
BKEH	9,756	0,21475	477,7
TUNH	9,759	0,07697	477,595
BHRH	9,763	0,07589	477,405
JRR	9,768	0,14026	477,5
SWEH	9,773	0,1075	477,97
NAWH	9,790	0,1228	477,43
RBS	9,790	0,11258	477,57
NBT1	9,801	0,18959	477,085
TRQA	9,834	0,11569	478,04
JMP	9,835	0,19177	477,64
BFWH	9,849	0,26419	477,19
TUSH	9,850	0,12426	477,6
SWWH	9,851	0,40926	477,95
BKWH	9,860	0,17194	477,47
KUT	9,901	0,14606	477,425
HTU	9,901	0,14705	477,145
SCNH	9,919	0,17799	477,445
KNP	9,920	0,18635	477,43
HNKH	9,931	0,12884	477,55
MSR	9,962	0,19458	477,345
GO05	9,972	0,21079	477,7
ASAJ	10,035	0,18175	477,33
ANNH	10,050	0,13765	479,69
HONH	10,053	0,15086	478,01
SCSH	10,057	0,1985	477,61
OKEH	10,075	0,16538	477,45
JSS	10,108	0,26183	478
TREH	10,131	0,25575	476,825
RKBH	10,159	0,18128	477,335
AYEH	10,161	0,16112	477,22
TRWH	10,162	0,11049	477,785
KKAH	10,164	0,11581	477,68
JKK2	10,181	0,20823	477,27
AIB	10,192	0,12925	477,315
HOCH	10,195	0,17027	476,87
AKK	10,215	0,19839	477,335
TRSH	10,239	0,1736	477,4
JYG	10,270	0,17045	477,105
JAK	10,278	0,15542	477,38
OREH	10,284	0,07521	477,31
HOSH	10,298	0,05851	476,87
JAR	10,307	0,14683	477,585
TOI	10,324	0,09442	477,13
ANSH	10,324	0,20321	477,315
BB23	10,326	0,21248	477,45
TUR	10,328	0,19779	476,98
SNNH	10,359	0,13919	476,89
HRK	10,385	0,09991	478
ISLI	10,403	0,15301	477,495
ISLW	10,403	0,17972	477,47
ORWH	10,416	0,05114	477,115
AYWH	10,420	0,11636	477,53
FGNH	10,429	0,06436	477,045
SNSH	10,485	0,09867	477,41
HBTH	10,487	0,17976	476,805
NUMH	10,521	0,04219	476,755
BEEH	10,525	0,13475	477,44
SKNH	10,541	0,12281	477,075
FGSH	10,569	0,16128	476,655
BEWH	10,599	0,11726	477,38
SKB	10,616	0,27307	477,095
JOB	10,635	0,20524	477,16
BB06	10,646	0,36007	477,505
TKD0	10,655	0,15086	476,98
NFRH	10,656	0,05118	477,37
URH	10,668	0,21508	477,005
SKSH	10,689	0,11585	476,565
JAB	10,696	0,08461	476,4
JHR	10,697	0,18461	476,835
OTAV	10,720	0,06337	478,26
FRNH	10,739	0,07726	474,765
NS26	10,782	0,17644	478,105
SUGH	10,788	0,29276	476,815
TYRH	10,795	0,18	477,285
STD	10,827	0,19549	477,09
JFR	10,844	0,21924	476,785
NS25	10,879	0,07468	477,455
SMPH	10,901	0,12552	475,665
NS24	10,935	0,07617	476,92
SHZH	10,962	0,16945	476,39
TOBH	11,007	0,18249	476,565
NS23	11,013	0,13837	477,61
MSAH	11,030	0,18646	476,635
JCH	11,050	0,17903	476,835
NS22	11,092	0,15231	476,74
IWN	11,109	0,20956	476,8
BB05	11,122	0,14601	477,545
HIC	11,129	0,25467	476,65
SSTH	11,136	0,16345	476,415
NS21	11,164	0,29233	477,135
GUAC	11,164	0,37825	477,125
YUBH	11,187	0,08285	476,5
TKIH	11,208	0,17302	476,435
KYMH	11,210	0,03693	476,1
CB14	11,217	0,16138	477,025
NS20	11,233	0,13141	476,99
HOBH	11,244	0,1468	476,72
CB11	11,253	0,28616	477,415
GALAN	11,261	0,27814	477,445
JBT2	11,261	0,30606	477,18
BREH	11,282	0,12858	476,85
BB21	11,294	0,1645	477,485
NKN	11,315	0,16073	476,04
NCPH	11,325	0,08919	476,445
NS19	11,327	0,24592	476,755
BRWH	11,350	0,2292	476,83
OIWH	11,361	0,13632	476,445
MYR	11,362	0,27012	476,925
NS01	11,379	0,18779	477,065
MED	11,383	0,0876	478,315
CB12	11,385	0,10772	476,89
MBEH	11,400	0,13599	475,6
CTSH	11,420	0,20264	476,335
AKA	11,425	0,08097	476,205
STZ	11,446	0,17762	476,105
NS02	11,480	0,23758	477,29
KMU	11,518	0,18454	476,99
SYJ	11,528	0,09187	476,38
AMAH	11,536	0,17762	476,91
JSK	11,542	0,0761	476,45
HSS	11,543	0,20002	476,145
FBRH	11,551	0,08954	475,925
JNBK	11,556	0,1185	476,095
A720	11,559	0,18384	475,53
JEW	11,560	0,11825	475,65
TL1	11,564	0,17451	475,61
MBWH	11,586	0,0372	476,05
AGWH	11,590	0,10069	475,565
NS03	11,597	0,24368	477,125
SAMH	11,602	0,10893	476,54
SZNH	11,609	0,08814	475,53
MUJ	11,612	0,2059	477,435
JEM	11,652	0,15244	475,715
ERM	11,653	0,16431	475,72
BB17	11,657	0,35841	477,45
CB13	11,669	0,22974	476,625
BB04	11,680	0,14054	476,885
CCNH	11,699	0,07081	474,97
NS04	11,709	0,25966	477,365
TOMH	11,750	0,06871	475,76
KYOH	11,762	0,12299	475,695
KMBH	11,786	0,06236	475,54
SOIH	11,809	0,1216	475,805
CB15	11,841	0,31433	475,78
OHTH	11,851	0,18763	476,11
MKRH	11,860	0,1373	476,32
EW10	11,892	0,28975	477,295
EW19	11,909	0,10227	476,565
EW20	11,925	0,16404	476,78
RNKH	11,939	0,07532	476,295
EW18	11,950	0,08245	476,9
TURH	12,019	0,05771	475,165
CB20	12,030	0,1926	476,83
JNB	12,036	0,06526	475,465
CP01	12,081	0,11135	476,38
EW01	12,097	0,17487	475,725
CB26	12,097	0,21072	476,22
SMMH	12,120	0,08188	475,72
KMNH	12,120	0,04848	475,345
CP03	12,149	0,19755	476,335
TEY	12,162	0,21985	475,1
CB25	12,184	0,11773	476,22
CB22	12,187	0,09631	476,3
CB21	12,203	0,12146	476,34
BB02	12,224	0,16044	476,095
NS10	12,241	0,28916	477,8
CB27	12,253	0,2747	476,255
EW03	12,276	0,31994	476,655
JSH	12,302	0,14498	475,405
BB16	12,327	0,17683	476,57
EW05	12,337	0,2792	476,61
NS12	12,400	0,16924	476,505
CB28	12,424	0,3064	476,18
KHYH	12,441	0,17462	474,865
EW06	12,447	0,15808	476,505
IMG	12,467	0,23531	475,12
BB11	12,469	0,09824	476,405
NS13	12,501	0,24239	476,415
BB01	12,521	0,11013	476,735
JKB	12,531	0,15709	475,21
BB03	12,566	0,17369	477,17
JYM2	12,601	0,12871	475,02
NS14	12,622	0,15278	476,845
EW08	12,636	0,21634	476,135
CB2A	12,676	0,14793	475,665
OON	12,677	0,12121	474,925
KUMH	12,714	0,36369	474,525
NS16	12,759	0,10939	476,43
BB12	12,810	0,0637	476,085
CB2B	12,828	0,25713	475,64
HD3	12,837	0,13391	474,86
BB15	12,838	0,09976	476,65
OOMH	12,861	0,13352	474,71
BB24	12,929	0,10272	475,96
JOT	12,959	0,09858	474,655
KIW	12,960	0,0604	474,675
KMSK	12,963	0,30074	474,31
KKJ	12,964	0,15054	473,675
CB2C	12,985	0,1767	475,4
SAIH	12,987	0,05201	475,425
CP06	12,988	0,2024	475,565
SRUH	12,993	0,08977	474,61
OKS	13,002	0,08976	474,21
JOSM	13,003	0,0723	474,57
BB13	13,062	0,24184	475,92
CP07	13,067	0,26499	476,005
JSR	13,076	0,06947	474,975
NS18	13,079	0,17052	476,15
TMR	13,081	0,09916	474,625
KUCH	13,084	0,06958	474,535
RKSH	13,175	0,07917	474,985
BB14	13,193	0,29135	475,075
GAM	13,273	0,08587	474,39
SRKM	13,273	0,10634	474,69
NHJH	13,370	0,1286	474,005
MMA	13,395	0,10814	474,21
JTM	13,470	0,18329	474,195
JSI2	13,482	0,05716	473,57
TWEH	13,590	0,09769	474,845
HSK	13,618	0,03126	474,145
KJNH	13,650	0,08707	473,12
TWWH	13,652	0,09419	473,945
JANG	13,675	0,04425	473,46
SHGH	13,720	0,0793	471,005
KRMH	13,721	0,04717	473,845
KRIH	13,749	0,09458	474,755
AJSH	13,750	0,14044	473,74
PLCA	13,801	0,0747	474,295
PLCA	13,801	0,08167	474,545
KOSH	13,817	0,05797	473,685
NHEH	13,829	0,16206	473,875
KJSH	13,838	0,04985	474,33
CP04	13,867	0,18489	474,595
KHEH	13,876	0,05166	473,435
FKUH	13,876	0,12972	474,45
FD2	13,885	0,11669	473,105
TTKH	13,895	0,23959	474,09
OWNH	13,898	0,06657	473,55
JTH	13,947	0,10907	474,17
NYAH	13,949	0,0928	472,56
IHEH	14,022	0,12618	473,21
JIW	14,038	0,09754	474,31
FKU	14,040	0,17724	473,095
ODTH	14,049	0,02846	473,05
ASRH	14,055	0,1997	473,445
TROH	14,081	0,07824	473,48
JKZ	14,086	0,2031	473,565
IWZH	14,113	0,13316	474,085
TSRH	14,116	0,0729	473,36
JAH	14,152	0,048	473,305
IWS	14,156	0,16728	473,735
FSTH	14,163	0,09132	472,665
KZNH	14,175	0,12993	472,745
TMYH	14,184	0,09246	474,005
CP12	14,189	0,11413	474,22
MY3	14,224	0,08237	473,32
KANH	14,273	0,06935	473,86
CHUM	14,275	0,10679	474,25
MIYJ	14,289	0,08118	473,37
PLLB	14,303	0,07228	475,36
CB34	14,310	0,30336	474,135
YMDH	14,317	0,08165	474,04
CP05	14,320	0,123	473,69
FUT	14,345	0,11617	472,545
ANIH	14,392	0,03909	472,605
KASH	14,410	0,05115	474,235
CP11	14,443	0,24055	474,265
YHBH	14,471	0,11454	473,145
NSNH	14,476	0,06544	472,595
SZKH	14,497	0,13183	473,765
GJOH	14,519	0,12579	471,885
PLTM	14,522	0,17674	473,925
KMIH	14,534	0,05813	473,825
PLSM	14,536	0,19316	473,945
PL03	14,542	0,13565	473,755
JOM	14,557	0,08311	474,11
PLQU	14,595	0,15364	473,14
NSSH	14,612	0,06687	472,955
HMNH	14,645	0,15946	472,76
KWAH	14,650	0,08122	472,86
TOUH	14,652	0,04288	473,3
LVC	14,652	0,1146	472,895
OGAH	14,658	0,2575	473,42
CB44	14,679	0,18796	473,905
NSEH	14,692	0,07555	472,81
JOG2	14,697	0,16701	472,98
PLLA	14,700	0,1419	473,875
SN3	14,704	0,10204	473,53
OGA	14,726	0,17117	472,93
PLMK	14,726	0,24694	473,515
HMSH	14,730	0,11556	472,835
SMTH	14,760	0,0871	473,105
OFUT	14,787	0,05162	472,89
KRS0	14,792	0,06205	471,685
PLRR	14,792	0,10787	473,35
NSBH	14,798	0,11885	473,25
PLLO	14,803	0,11868	473,485
ESA	14,836	0,05942	473,27
RZTH	14,849	0,02604	472,505
PLSE	14,852	0,29519	473,245
CORT	14,871	0,09692	472,77
KGSH	14,872	0,06233	473,04
DIT	14,884	0,02997	472,63
CP14	14,905	0,25371	474,125
KKWH	14,915	0,08611	473,17
KSN	14,928	0,07372	473,12
OMRH	14,952	0,1309	472,705
PLAR	14,978	0,23616	473,685
HNRH	14,997	0,05774	472,425
JMK	15,051	0,0657	472,46
FSWH	15,058	0,08528	472,47
HOJ	15,068	0,22444	472,575
VELA	15,086	0,16266	473,705
IW2H	15,092	0,08779	473,685
TOWH	15,139	0,10563	472,29
COLO	15,157	0,13804	473,855
YJMH	15,162	0,12818	472,075
PACH	15,163	0,19952	474,355
MSRH	15,187	0,09687	472,19
CP17	15,215	0,24195	473,185
CHKH	15,227	0,17985	473,07
OGCH	15,246	0,11908	471,825
LUNA	15,253	0,22348	473,575
ESP01	15,253	0,17345	474,585
WYG	15,275	0,0947	472,265
CP10	15,292	0,17062	473,12
NRKH	15,300	0,06919	472,105
ARRO	15,341	0,13222	473,66
JYK	15,376	0,14954	472,125
RINC	15,377	0,15856	473,41
KAKH	15,379	0,1218	472,075
RCLB	15,384	0,12026	473,33
PAGA	15,390	0,12464	473,615
CP13	15,391	0,24887	472,875
TAJH	15,399	0,1062	471,98
YWTH	15,419	0,24307	472,915
JTB	15,422	0,11231	472,215
TB2	15,422	0,15731	472,245
EN3	15,434	0,14845	472,54
JIO	15,460	0,12079	472,03
MGMH	15,464	0,11598	472,405
ONDH	15,507	0,17853	471,635
YMT	15,528	0,10308	471,975
FGTH	15,529	0,08367	472,79
ESP02	15,544	0,07726	473,005
TUCU	15,556	0,14732	473,39
TZWH	15,563	0,1397	471,965
TOCO	15,578	0,1816	473,225
CP16	15,595	0,16505	473,075
VABB	15,623	0,02614	472,295
LLAN	15,720	0,08604	473,465
TCKH	15,726	0,09399	472,175
MR3	15,730	0,14512	472,22
JOU	15,766	0,13196	471,28
GUAL	15,784	0,128	472,92
ESP03	15,819	0,10928	472,625
MAJA	15,819	0,21433	472,53
NKEH	15,871	0,04513	472,46
DOCA	15,891	0,10571	472,935
KMF	15,893	0,14719	471,425
JYA	15,895	0,05493	471,64
CP15	15,896	0,08356	472,97
AT2	15,934	0,06333	471,995
MONA	15,935	0,06794	473,02
NUEV	15,949	0,07855	472,64
NKWH	15,953	0,05213	471,915
ASAH	15,961	0,04092	471,445
SISH	16,081	0,09223	471,175
JYS	16,101	0,07102	471,385
CASP	16,113	0,09039	472,95
KMYH	16,120	0,04869	471,305
NYOH	16,149	0,05593	473,23
CONE	16,167	0,28857	471,165
JMM	16,175	0,15973	471,47
JAW	16,186	0,13524	471,24
AHIH	16,206	0,04	471,985
CHUC	16,228	0,13775	472,435
SECA	16,234	0,1229	472,025
THTH	16,265	0,08098	472,02
KTA	16,299	0,10359	470,535
ONIH	16,375	0,06254	471,01
FKSH	16,379	0,1271	471,47
YNZH	16,379	0,10763	470,42
ARKH	16,380	0,08451	471,06
KMAH	16,396	0,0605	470,89
CP20	16,438	0,31802	471,83
NOQE	16,454	0,11933	471,7
SASO	16,457	0,07982	472,205
MKJH	16,531	0,12589	470,945
SBT	16,545	0,07364	470,46
INWH	16,554	0,10885	470,975
BARR	16,565	0,08578	471,96
ZOND	16,571	0,06785	471,565
SROH	16,573	0,16632	471,21
MRUH	16,574	0,12689	471,415
ATKH	16,577	0,07228	471,605
SAD	16,588	0,06668	470,93
JFK	16,604	0,19234	471,195
NAZH	16,613	0,08471	471,14
ESP04	16,636	0,24439	471,385
NIKI	16,640	0,10114	471,98
OSD	16,689	0,11234	470,805
LEON	16,721	0,08938	472,03
JNS	16,725	0,1588	470,525
TSTH	16,733	0,07375	469,64
KRYH	16,735	0,09343	471,145
IWK	16,735	0,14368	471,165
MSH	16,759	0,04897	470,035
FS07	16,773	0,1034	472,75
TWAH	16,778	0,10218	470,86
ESP05	16,788	0,16579	471,84
PATO	16,797	0,06198	471,745
FS04	16,818	0,24733	471,085
ESP06	16,819	0,13256	471,715
ABRA	16,848	0,04037	471,375
ATDH	16,853	0,12191	469,9
MRMH	16,855	0,11596	471,26
SOMB	16,857	0,12791	472,005
AKD	16,859	0,09655	470,46
ESP07	16,866	0,09226	472,755
NNMH	16,869	0,12638	469,755
ONAJ	16,870	0,15194	470,505
FS10	16,877	0,10827	471,345
YBKH	16,902	0,15889	469,4
JSD	16,926	0,12845	470,405
KMKH	16,927	0,11158	470,33
KMOH	16,937	0,19002	471,095
JFY	16,956	0,10608	470,815
YHJ	16,987	0,16627	470,215
FS09	16,995	0,15382	470,77
IWWH	17,009	0,12623	470,315
SMGH	17,010	0,13145	469,185
KNY	17,013	0,14207	469,65
STDH	17,016	0,10205	470,56
NGUH	17,019	0,11766	470,42
CLAR	17,060	0,05409	470,715
KI2H	17,092	0,07378	470,19
FS12	17,099	0,13194	470,81
TDMH	17,125	0,05962	471,85
FKA	17,130	0,12284	470,21
USPA	17,138	0,05089	470,23
THGH	17,195	0,07255	470,275
JIZZ	17,200	0,09442	470,015
NGOH	17,202	0,11854	469,42
INAH	17,205	0,17523	470,21
YMZ	17,211	0,14144	470,34
FS6A	17,219	0,17805	470,525
FS13	17,238	0,30846	471,34
DGOH	17,240	0,06304	470,265
JSB	17,279	0,10113	470,225
JUOH	17,298	0,14046	469,335
FJ2H	17,314	0,09941	470,72
SEK	17,317	0,12878	469,45
OTWH	17,319	0,131	470,54
JHK	17,340	0,07371	470,38
YNTH	17,349	0,07436	469,415
ESP08	17,366	0,19188	471,08
YITH	17,376	0,10106	470,46
BTOH	17,380	0,15761	470,365
JHO	17,394	0,1343	469,895
YMAH	17,394	0,15127	470,77
HMTH	17,401	0,12276	470,08
FS1A	17,402	0,07946	470,61
KYEH	17,423	0,08431	469,425
CATA	17,425	0,12332	471
BILL	17,469	0,11757	469,255
BILL	17,469	0,09715	469,63
BILL	17,469	0,09649	469,64
KWNH	17,481	0,05532	469,765
KYWH	17,490	0,27751	470,235
MUIH	17,497	0,06697	469,88
GZNH	17,502	0,11616	470,36
MOTH	17,530	0,13631	470,72
IICH	17,539	0,10741	469,43
SZWH	17,568	0,10047	469,53
HTKH	17,578	0,21016	470,005
FM12	17,587	0,17872	469,95
JHKH	17,592	0,14591	469,03
JHG	17,620	0,23221	469,495
ESP09	17,629	0,07186	470,38
UMYH	17,642	0,1128	468,99
KRO	17,676	0,14777	467,915
FM11	17,681	0,09588	470,34
JKT	17,690	0,16753	469,855
KBH	17,697	0,18791	469,295
ASOH	17,710	0,09896	468,63
MAKH	17,713	0,05195	469,445
ASO	17,723	0,12708	468,455
IWSH	17,724	0,09172	470,475
SUZH	17,726	0,07038	470,21
AWNH	17,733	0,17786	469,015
GNZ	17,736	0,18674	469,16
TNEH	17,738	0,15433	467,76
NIK	17,738	0,12191	469,27
ESP10	17,766	0,07158	470,57
JJN	17,782	0,05984	469,42
YZWH	17,788	0,14007	469,785
YSTH	17,809	0,07763	469,78
TYOH	17,821	0,08561	469,23
NZWH	17,825	0,05623	469,33
ESP11	17,848	0,13839	469,64
MKOH	17,863	0,06194	469,15
NUJ2	17,879	0,14669	469,19
OHRH	17,882	0,04203	469,26
TSKH	17,884	0,03094	469,075
MDRH	17,885	0,06457	468,595
UCUH	17,899	0,17718	469,94
TSK	17,908	0,04505	468,74
TAYH	17,915	0,06136	469,525
HRJ	17,918	0,04396	469,075
KGRH	17,929	0,08119	469,47
YGDH	17,963	0,0493	469,24
NKNH	17,997	0,15724	469,7
FM09	18,000	0,14433	469,78
ISGH	18,010	0,07472	468,25
IGWH	18,021	0,0921	469,575
TBYH	18,036	0,08667	469,19
EDSH	18,047	0,10364	468,78
HRNH	18,075	0,08325	469,935
KUJ	18,081	0,12665	469,35
JGK	18,088	0,10138	469,31
TBSH	18,092	0,10238	468,705
OTNH	18,114	0,09229	468,66
CHSH	18,114	0,06163	468,06
AMZH	18,115	0,04538	469,295
WMZH	18,141	0,04557	469,21
FM07	18,147	0,11342	470,8
AHJ	18,157	0,08065	468,875
TUMH	18,167	0,04808	469,91
ESP12	18,169	0,17176	469,755
HSJ	18,201	0,08057	468,785
TGA	18,203	0,09297	469,865
TMOH	18,211	0,15528	468,165
PMNB	18,224	0,1747	469,495
HBAH	18,232	0,12697	467,66
MAJO1	18,235	0,04054	468,695
MAJO0	18,235	0,04011	468,715
TGIH	18,243	0,04202	469,07
OSTH	18,247	0,07353	468,635
IWTH	18,259	0,13858	468,505
MAT	18,262	0,05085	468,705
KIZH	18,288	0,05807	468,63
SHMH	18,288	0,06227	468,22
SHKH	18,320	0,06162	469,085
MYTH	18,321	0,06211	468,24
SMNH	18,323	0,06005	468,58
SNBH	18,325	0,09365	469,03
FM05	18,326	0,28404	470,245
KMDH	18,326	0,0616	468,72
KNAH	18,342	0,05421	468,705
MNAH	18,343	0,14775	468,75
NNJ	18,349	0,14002	469,005
TOIH	18,370	0,14827	468,84
OM2H	18,389	0,11381	468,48
IKSH	18,400	0,12617	469,37
HDKH	18,403	0,23753	468,93
DDR	18,403	0,21292	467,44
KHTH	18,418	0,07991	468,88
JNG	18,422	0,07952	468,155
HIMH	18,422	0,07241	468,885
OGOH	18,427	0,16875	466,375
TOYH	18,428	0,22385	469,685
CHHH	18,430	0,13762	469,01
TKRH	18,440	0,27977	468,2
KYJ	18,443	0,09426	468,42
TKSH	18,450	0,09907	468,2
OMCH	18,459	0,15013	468,45
SAKH	18,470	0,2448	468,68
NGRH	18,471	0,13608	468,895
JJH	18,471	0,08757	468,44
HHNH	18,472	0,16177	466,99
JRY	18,486	0,23903	468,42
MTU	18,489	0,10229	469,005
TYJ	18,490	0,09256	468,35
AAKH	18,493	0,16263	468,84
JHU	18,506	0,08758	466,97
MANH	18,511	0,08887	468,345
HOTH	18,522	0,19289	468,86
KOTH	18,525	0,1455	469,8
DMOH	18,529	0,07514	468,815
ATYH	18,548	0,10282	468,805
MMOH	18,570	0,08135	468,47
AHMH	18,588	0,17513	468,84
FCHH	18,597	0,06492	468,33
ICHH	18,601	0,18051	467,455
TBTH	18,605	0,03755	467,7
YTOH	18,606	0,09809	468,56
KWKH	18,610	0,14495	469,27
MNYH	18,614	0,07115	468,28
MSTH	18,621	0,0889	468,385
MWDH	18,638	0,07659	467,905
MMKH	18,650	0,17584	469,56
NRJ	18,651	0,12497	468,055
SSWH	18,651	0,16632	468,81
HHRH	18,653	0,34891	468,025
HH2H	18,668	0,3783	467,765
IMIH	18,682	0,06453	468,01
KOKH	18,695	0,20719	468,42
MAZH	18,702	0,09534	468,685
HCJ	18,708	0,10713	468,615
SDMH	18,709	0,15084	468,07
SOJH	18,712	0,07208	468,475
YROH	18,716	0,05903	468,055
FJOH	18,721	0,24961	467,71
SSGH	18,724	0,15327	468,84
KTRH	18,753	0,11448	468,03
TONH	18,757	0,12369	469,82
FMIH	18,761	0,13591	467,44
KT2H	18,764	0,06565	468,47
ASI	18,766	0,09018	467,99
TOGH	18,767	0,12653	469,245
AKWH	18,768	0,21535	468,185
CHNH	18,776	0,14207	468,365
KTUH	18,779	0,07883	468,555
SUYH	18,793	0,08362	467,79
FMJ	18,805	0,10902	468,16
YFTH	18,809	0,42098	469,775
TTNH	18,813	0,07897	468,32
SGR	18,817	0,13383	467,95
KTJ	18,822	0,10141	467,785
KF2H	18,825	0,12191	468,99
KYS	18,827	0,13876	468,26
HQNH	18,834	0,21296	469,075
AKY	18,835	0,11047	468,185
NGWH	18,854	0,09467	467,455
KIYH	18,856	0,06235	468,33
KNZH	18,860	0,09658	467,49
ATGH	18,864	0,0985	467,875
HQSH	18,869	0,11612	468,315
NRSH	18,871	0,04333	467,61
JGN	18,877	0,09043	467,745
FRKH	18,878	0,0774	468,21
YMKH	18,883	0,1202	468,2
JNT	18,885	0,07615	467,92
TU2H	18,895	0,09172	467,2
KRKH	18,906	0,07428	468,91
HYMH	18,910	0,13077	467,81
KMWH	18,911	0,07637	467,385
KSOH	18,914	0,11057	468,54
KMSH	18,915	0,16376	468,69
TR2H	18,920	0,0778	467,245
YSKH	18,929	0,10538	467,42
HSEH	18,949	0,0876	467,375
JYO	18,954	0,09293	467,595
YM2H	18,955	0,25144	467,745
HRTH	18,955	0,11071	467,395
ASNH	18,955	0,03255	468,065
BSO4	18,961	0,08845	467,87
AMJ	18,964	0,07322	468,4
NGY	18,966	0,15411	468,095
TMAH	18,967	0,08043	467,61
SRWH	18,968	0,08872	468,33
MTDH	18,974	0,16062	469,395
ASYH	18,987	0,11527	468,315
ASSH	19,002	0,02443	468,45
KADH	19,004	0,06283	468,11
TKN1	19,007	0,0732	467,99
KGNH	19,026	0,10361	467,54
MSFH	19,028	0,04876	467,29
OKCH	19,045	0,09722	467,615
ASGH	19,053	0,15451	467,66
KMJ	19,066	0,10268	467,615
KID1	19,067	0,12466	467,51
CKRH	19,072	0,09392	467,45
JYN	19,079	0,12246	468,145
ODWH	19,085	0,0912	467,65
AGMH	19,089	0,11347	467,975
HYNH	19,101	0,12542	467,2
JOD2	19,107	0,15272	467,685
SYKH	19,131	0,10245	468,94
TY2H	19,132	0,02232	467,68
SMBH	19,146	0,09127	467,385
OOS1	19,166	0,06272	467,48
MNZH	19,167	0,07384	468,2
SSNH	19,173	0,07327	467,585
HYKH	19,185	0,13955	468,465
MZEH	19,201	0,09818	467,37
SAML	19,208	0,20094	468,26
JKG	19,211	0,11861	467,19
MBUH	19,228	0,07207	467,425
GR2H	19,250	0,11848	468,755
NMZH	19,256	0,13841	467,365
HT2H	19,256	0,13394	467,325
TSUH	19,260	0,15336	466,945
TKGH	19,274	0,05476	467,075
KNIH	19,279	0,08416	467,245
IIDH	19,286	0,14733	467,265
GERH	19,293	0,08536	467,695
NRYH	19,305	0,14546	466,945
AJI	19,307	0,11212	467,28
SBKH	19,312	0,12978	466,75
YMTH	19,331	0,07604	467,135
KAJ	19,333	0,08128	466,435
EIHH	19,334	0,08577	466,905
IZUH	19,336	0,03515	467,56
FCO	19,344	0,14385	467,235
SONH	19,346	0,0875	467,32
HTNH	19,346	0,11169	467,11
ITOH	19,348	0,08832	467,24
OKY	19,365	0,1799	467,095
HSKH	19,367	0,08313	467,21
UMJ0	19,370	0,11358	466,69
ITHH	19,370	0,10773	467,16
KAW	19,372	0,07288	467,475
ITOO	19,390	0,10873	467,2
FM01	19,394	0,19838	467,635
SZJH	19,401	0,23022	467,945
JGF	19,412	0,10466	467,28
OKV	19,413	0,1182	467,13
FTO	19,418	0,10434	467,51
KAYH	19,422	0,10387	467,6
SZUH	19,426	0,1331	467,405
JIZH	19,428	0,09061	466,245
JNY	19,443	0,10023	466,21
HD2H	19,445	0,13539	467,63
MSNH	19,449	0,1146	467,12
FKJ	19,451	0,08033	467,035
NTGH	19,473	0,08184	467,16
SIZH	19,474	0,05527	467,325
MNMH	19,477	0,19943	467,02
SUMH	19,493	0,06291	467,02
JIM2	19,495	0,18645	466,995
ITDH	19,495	0,05126	467,075
ITD1	19,505	0,10878	467,055
MS2H	19,520	0,08206	465,76
YOTH	19,530	0,09455	467,49
MSKH	19,536	0,08285	467,12
HRYH	19,548	0,15183	467,17
HKJ	19,554	0,07746	467,03
SOSH	19,556	0,06482	467,875
HKWH	19,557	0,05575	467,21
KWZH	19,557	0,13899	466,64
OTAH	19,584	0,05035	466,85
SHZ3	19,585	0,03858	467,145
KMTH	19,587	0,04427	466,215
SMDH	19,609	0,1184	466,86
NS2H	19,609	0,12305	466,76
TYEH	19,624	0,08798	467,025
IMJ	19,640	0,13829	466,87
NEOH	19,641	0,06515	466,78
OKBH	19,647	0,11257	466,47
MKMH	19,651	0,15207	466,99
FN13	19,667	0,10943	467,57
KSHH	19,672	0,06573	466,715
JIZS	19,674	0,12542	466,7
TKTH	19,685	0,09677	467,16
STN	19,687	0,16508	467,3
FJEH	19,699	0,0814	466,305
MIZH	19,701	0,17103	466,415
ASHH	19,709	0,07123	466,955
MNI1	19,713	0,12601	466,705
TOEH	19,718	0,1431	466,685
KNEH	19,719	0,07618	466,43
STRH	19,720	0,08906	466,95
KMHH	19,735	0,11036	466,715
TNMH	19,739	0,06446	466,675
TT2H	19,741	0,08892	466,935
SKUH	19,744	0,13672	466,775
JAO	19,747	0,15889	466,35
INU1	19,757	0,15329	466,81
TATH	19,760	0,05491	467
KGIH	19,761	0,08127	466,725
KG3H	19,797	0,08207	466,025
ASUH	19,806	0,11817	467,165
HOUH	19,826	0,05853	468,03
MRIH	19,838	0,12962	466,805
TRGH	19,863	0,12774	466,67
NGKH	19,872	0,05676	466,065
TYD	19,886	0,04304	466,75
FKRH	19,911	0,07597	466,065
AZJ	19,913	0,28868	466,445
HMAH	19,921	0,02269	466,96
HMMJ	19,946	0,05546	466,37
TDEH	19,946	0,02414	467
JSG	19,947	0,14653	466,4
NIN	19,960	0,16895	466,71
SSRH	19,967	0,02379	467,365
OHSH	19,971	0,08581	466,285
KIDH	19,991	0,05413	466,35
MIKH	19,997	0,15836	466,12
OKZH	19,999	0,04558	467,25
JFM	20,001	0,24257	466,305
FN12	20,013	0,18729	467,2
NUKH	20,016	0,03365	466,665
KOZ	20,029	0,15514	466,32
MKBH	20,041	0,03165	466,91
JKO	20,077	0,21459	466,73
HMMH	20,081	0,11323	467,09
THNH	20,085	0,04652	466,215
TAGH	20,085	0,11347	466,01
ANJH	20,093	0,03967	465,345
INEH	20,116	0,0354	465,52
MIK	20,119	0,08725	466,335
ARIH	20,126	0,12438	467,62
OBMH	20,142	0,08055	465,85
JEG	20,188	0,12943	465,87
HAZH	20,204	0,05738	465,95
TKHH	20,210	0,08917	466,7
TYHH	20,211	0,10932	467,01
AMNH	20,232	0,01405	465,405
JKY	20,269	0,02867	465,4
OTUH	20,269	0,03891	465,69
YOKH	20,272	0,08521	465,695
OHM	20,273	0,08997	465,74
ABNH	20,297	0,07007	465,555
MCTH	20,308	0,09667	465,695
TKO4	20,317	0,18935	466,27
NDGH	20,327	0,05525	465,305
FN07	20,346	0,06295	466,615
JAA	20,355	0,10595	465,72
HNOH	20,365	0,07425	465,545
MYMH	20,376	0,07299	465,1
ATMH	20,381	0,10287	466,005
KHK	20,435	0,03717	465,43
KSMH	20,438	0,08896	466,025
FN02	20,440	0,19664	466,14
JWT	20,447	0,08202	464,95
FN08	20,449	0,24005	466,4
FN04	20,470	0,36475	465,74
FN05	20,483	0,10584	466,575
JKSM	20,486	0,10353	466,015
IZSH	20,493	0,05134	465,55
KGM	20,497	0,04457	465,385
SAI	20,505	0,02972	465
FKCH	20,506	0,10347	464,965
FN01	20,519	0,13161	465,955
FN09	20,529	0,32034	466,385
OYMH	20,531	0,09423	465,155
KYTH	20,531	0,02871	464,545
FN10	20,540	0,16655	466,29
SGRH	20,551	0,03458	464,83
TSUJ	20,554	0,08748	465,11
NNA	20,557	0,15476	466,25
YGI	20,590	0,03737	465,225
MROH	20,593	0,07671	464,94
KMEH	20,596	0,03569	465,1
IAMH	20,611	0,03624	465,215
SNTH	20,616	0,1041	465,205
KMMH	20,622	0,10025	465,34
UJT	20,627	0,05695	465,13
HMT	20,641	0,08445	465,65
ISE	20,645	0,05449	465,17
MASH	20,646	0,07315	464,975
SSYH	20,657	0,05398	465,665
URSH	20,693	0,06997	464,85
OYT	20,710	0,05478	465,17
TTT	20,727	0,02747	464,84
JIE	20,730	0,05303	465,045
YZEH	20,730	0,04804	464,935
MYO	20,731	0,04011	464,57
TNJ	20,741	0,1086	465,68
ABU	20,749	0,13422	464,785
KTNH	20,757	0,0891	464,475
TTO4	20,777	0,05771	464,935
WATH	20,783	0,03282	465,215
KAMH	20,784	0,06255	465,675
SMAH	20,785	0,06178	464,35
KWHH	20,824	0,02014	464,32
HAGH	20,838	0,08786	465,365
TRIH	20,856	0,0653	464,865
HCJH	20,862	0,07479	464,985
JHJ2	20,864	0,12301	465,085
MGWH	20,875	0,03288	464,71
TJOH	20,877	0,08234	465,685
JHE	20,885	0,06678	464,47
HBR	20,899	0,06086	464,87
SNT	20,908	0,03893	464,655
HYSH	20,931	0,06287	464,6
CHZH	20,931	0,02702	464,225
JKS	20,933	0,08232	464,94
YMSH	20,938	0,06974	464,555
TISH	20,984	0,05934	465,305
JMIK	21,001	0,10463	464,75
AKSH	21,005	0,03398	464,015
NKOH	21,010	0,10294	464,63
RKO	21,015	0,13699	464,29
JKR	21,021	0,06165	464,565
OHAH	21,026	0,05013	464,58
JKN	21,028	0,04242	464,62
KSBH	21,035	0,04401	464,575
SKGH	21,041	0,09296	464,065
KAWH	21,057	0,07038	464,505
KKGH	21,069	0,12986	464,605
MHSH	21,072	0,03939	463,965
SGUH	21,078	0,11451	464,565
MZT	21,092	0,13836	464,99
KRTH	21,109	0,04405	464,11
SYOH	21,134	0,17733	464,41
MZKH	21,160	0,04022	464,195
KMGH	21,194	0,10683	464,31
OWSH	21,197	0,05424	464,365
AIOH	21,223	0,07816	464,845
KSIH	21,224	0,04706	464,35
YBRH	21,228	0,13118	463,755
TJRH	21,243	0,19357	464,43
NAGH	21,244	0,06207	463,975
JAD	21,248	0,17744	464,215
QMT	21,255	0,17258	464,3
JNM	21,265	0,03794	463,97
SRT	21,274	0,05176	464,76
JWY	21,304	0,02432	464,225
HINH	21,309	0,02559	464,145
HKTH	21,310	0,01153	462,265
NWK1	21,333	0,04941	464,28
KUM	21,342	0,04372	463,865
HNSH	21,364	0,08675	464,61
HNZH	21,373	0,0256	464,07
TKEH	21,399	0,03616	463,785
HIRH	21,404	0,01485	462,895
JAJ2	21,406	0,13011	464,145
TKBH	21,420	0,04559	463,645
WKYH	21,424	0,11236	463,95
KACH	21,430	0,01913	463,225
NITH	21,448	0,02876	463,405
OKZ	21,460	0,05331	463,955
HKBH	21,461	0,12136	464,305
NKMH	21,461	0,0396	463,9
CWK	21,461	0,04818	464,02
TKWH	21,481	0,04246	464,975
WKME	21,494	0,04752	463,91
SGOH	21,495	0,03276	463,765
OIC	21,516	0,05282	463,575
TRT	21,521	0,05725	463,78
OKYH	21,524	0,0533	463,195
KHOH	21,528	0,06022	464,855
MHRH	21,529	0,06067	464,315
TTAH	21,575	0,05683	463,37
UUMH	21,578	0,01915	463,105
HGU	21,588	0,08271	463,93
ARD	21,589	0,02539	463,335
YSDH	21,600	0,04507	463,765
SDAH	21,607	0,0115	462,99
HRKH	21,638	0,0412	463,545
JHS	21,646	0,03505	463,555
NSM	21,652	0,07878	463,66
KTU	21,668	0,16471	464,375
TAMH	21,714	0,07781	463,29
NKTH	21,719	0,19084	463,835
JWM	21,722	0,08436	463,68
BSEH	21,722	0,03324	463,38
OTOH	21,742	0,18246	463,38
JNSH	21,752	0,03429	463,455
INMH	21,772	0,10717	463,53
KTWH	21,785	0,02829	463,43
OHCH	21,786	0,02524	462,945
OOCH	21,803	0,02019	463,675
HNM	21,805	0,07606	463,05
KTDH	21,807	0,1107	463,13
JJS	21,835	0,04317	462,735
KZG	21,844	0,16877	464,075
KNBH	21,871	0,03419	463,09
SSMH	21,884	0,12483	463,87
SHR	21,895	0,15185	463,395
TOKH	21,899	0,05299	463,08
ESM	21,926	0,17253	463,52
JJG	21,933	0,07723	463,18
AYKH	21,939	0,05177	463,1
HSMH	21,942	0,11774	464,12
KSAH	21,948	0,049	463,14
SON	21,965	0,05568	463,125
GOTH	21,973	0,03101	463,77
MIGH	22,024	0,0548	462,945
IWAH	22,030	0,14518	463,59
MJY	22,042	0,05947	463,695
NMKH	22,053	0,04759	462,695
MNOH	22,057	0,04763	463,31
SADH	22,060	0,07088	462,975
DWAH	22,080	0,07235	462,935
ESP01	22,098	0,0319	463,04
HWSH	22,100	0,06708	461,275
YSHH	22,104	0,08209	462,975
KNGH	22,124	0,25807	463,57
IKWH	22,151	0,0805	463,215
KYDH	22,160	0,12411	462,85
GEIH	22,160	0,15697	463,45
IKD	22,163	0,06896	462,86
MIHH	22,196	0,01723	462,095
HHIH	22,224	0,10303	462,47
SHK	22,230	0,05754	462,32
JHT	22,234	0,12089	462,94
KNNH	22,272	0,16054	462,435
HRSH	22,278	0,04212	463,6
SINH	22,325	0,0751	462,52
MYKH	22,336	0,04691	462,33
MITH	22,355	0,3132	462,9
TGUH	22,373	0,16619	463,015
ESP02	22,396	0,0652	463,09
AOU	22,404	0,14041	462,41
DOI	22,413	0,08305	462,475
JMN	22,415	0,0614	462,05
KURH	22,433	0,04506	462,165
HISH	22,438	0,15835	462,68
KTGH	22,457	0,04541	462
KHUH	22,461	0,09082	462,01
HIKH	22,470	0,099	462,795
MTYH	22,495	0,12104	462,715
UMJ	22,505	0,02928	461,905
SKIH	22,554	0,03764	461,495
JHIK	22,562	0,0682	462,105
SJOH	22,563	0,08261	462,155
WMY	22,574	0,09239	462,21
TMGH	22,579	0,02377	461,615
TBRH	22,581	0,07183	462,45
GSIH	22,590	0,08063	462,055
OKMH	22,603	0,03421	461,755
MRT2	22,606	0,03973	462,045
IHR	22,618	0,09826	462,205
GHKH	22,623	0,04964	462,185
JHM	22,630	0,04656	461,82
KRHH	22,639	0,03467	461,495
CPUP2	22,650	0,12864	463,7
CPUP1	22,653	0,1393	463,4
MURH	22,664	0,05318	461,875
ESP03	22,676	0,06165	462,985
MICH	22,676	0,03005	461,06
HJO	22,686	0,04193	461,895
MUT	22,702	0,06724	461,91
MTMH	22,714	0,05886	462,45
MRMJ	22,715	0,07253	461,455
JET	22,716	0,11987	461,965
AKR	22,736	0,10003	461,985
IKNH	22,743	0,02214	461,125
INOH	22,745	0,09031	461,895
IKKH	22,767	0,13217	461,87
MKWH	22,794	0,02489	460,955
TOHH	22,841	0,01973	461,41
TBEH	22,856	0,05005	461,605
HGIH	22,901	0,0416	461,125
TKJH	22,921	0,02914	461,145
YNDH	22,921	0,11723	461,65
SSKH	22,928	0,10622	461,61
JKD	22,989	0,0409	461,095
NGTH	23,039	0,02275	462,415
OOZH	23,055	0,04467	461,37
KWBH	23,059	0,07621	461,795
MTOH	23,060	0,04003	461,03
KNSH	23,060	0,05367	461,455
TKUH	23,063	0,04115	461
HOFH	23,110	0,02424	460,575
JKU	23,115	0,09511	461,415
JNA	23,149	0,05633	461,235
KUB	23,156	0,09889	461,195
TSYH	23,159	0,06682	461,265
JTY	23,176	0,05191	461,51
HIYH	23,182	0,09995	461,22
UWAH	23,227	0,08104	461,16
IKTH	23,274	0,10316	460,99
UBEH	23,277	0,05748	461,675
KIKH	23,285	0,06521	461,14
TYUH	23,322	0,14213	461,185
NAKH	23,341	0,06136	461,29
UWA2	23,382	0,06027	460,535
MISH	23,442	0,10705	460,495
KKYH	23,510	0,16313	460,95
TSMH	23,525	0,05928	460,56
SKM	23,532	0,04331	461,145
ESP04	23,534	0,11933	461,375
AKIH	23,542	0,07459	460,46
TSSH	23,590	0,0183	460,455
JTO	23,613	0,05025	460,565
OOTH	23,647	0,03689	460,405
YMGH	23,662	0,15742	460,45
BZNH	23,686	0,04052	460,315
SGS	23,697	0,08521	461,6
ESP05	23,699	0,0607	460,96
KTK	23,716	0,04343	459,75
EFI	23,718	0,04744	461,175
NKT	23,735	0,07819	460,23
JTU	23,735	0,09098	460,585
ESP06	23,742	0,08826	461,31
JFA	23,758	0,03234	460,05
SGWH	23,821	0,03116	459,575
WKMH	23,841	0,06667	459,705
NTHH	23,878	0,04253	461,185
JUS	23,882	0,13076	460,195
YGNH	23,883	0,01535	459,83
KAHH	23,895	0,07283	459,8
KKEH	23,911	0,02661	459,965
SIKH	23,928	0,03108	460,09
KIWH	23,930	0,06919	458,895
UMIH	23,976	0,04558	459,855
MIEH	23,999	0,04459	460,325
QC01	24,033	0,06916	461,32
UMEH	24,078	0,06228	459,455
UKHH	24,083	0,05122	459,28
TAKH	24,094	0,06716	459,235
TARH	24,099	0,03308	461,155
OGNH	24,115	0,03897	460,32
UMWH	24,148	0,02895	458,585
JII	24,176	0,14898	459,775
SBR	24,179	0,04107	460,465
JFI	24,181	0,05242	458,86
NMNH	24,187	0,04683	459,46
HSFH	24,206	0,06551	459,545
KIGH	24,206	0,03302	459,13
TAI	24,215	0,08837	459,585
JNU	24,217	0,07215	459,71
FJIH	24,247	0,05748	459,56
TKD	24,253	0,03943	459,05
ASVH	24,279	0,04415	458,95
ESP08	24,281	0,11467	460,275
KHKH	24,290	0,0587	459,41
KKCH	24,323	0,06191	459,45
CZEH	24,323	0,17075	459,535
HKSH	24,362	0,06799	459,415
NOBH	24,364	0,03018	458,88
JKIT	24,388	0,0544	459,555
GKSH	24,441	0,05645	458,885
TMNH	24,453	0,09097	458,705
SRIH	24,497	0,16719	459,78
MSIH	24,498	0,05295	459,115
JTA	24,505	0,0899	459,045
MRTH	24,510	0,03933	458,805
IMRH	24,529	0,10834	459,3
HYGH	24,531	0,04869	459,035
YABH	24,532	0,08406	459,08
ESP09	24,551	0,05817	459,33
TGOH	24,588	0,06512	459,79
SBNH	24,626	0,06769	459,53
SBAH	24,646	0,05214	458,88
HIR	24,660	0,072	458,475
JUR	24,661	0,12883	459,15
TYNH	24,666	0,07043	459,29
STO	24,669	0,08435	459,495
SBSH	24,677	0,09279	458,835
NANH	24,686	0,08467	458,855
KWMH	24,687	0,11023	459,255
JTSN	24,691	0,08951	459,4
ESP10	24,702	0,03884	459,755
TKKH	24,707	0,0467	459,68
IZMH	24,721	0,05665	458,515
JIU2	24,734	0,08543	458,805
MSMH	24,761	0,21715	459,225
HRDH	24,779	0,04555	458,53
ESP11	24,802	0,0571	459,475
KKIH	24,823	0,19358	458,07
NRAH	24,844	0,06167	458,635
ITK	24,880	0,04548	458,825
UWEH	24,949	0,09017	458,515
KTMH	24,955	0,05407	458,145
NGSH	25,010	0,05439	458,17
ASKH	25,034	0,08979	457,465
SUKH	25,036	0,05697	458,675
HYOH	25,038	0,08622	457,915
SMT	25,055	0,038	457,83
MYZ	25,099	0,10618	458,335
TMO	25,099	0,04168	458,32
TKAO	25,113	0,07678	458,29
NGSJ	25,117	0,03238	458,13
ESP12	25,130	0,06607	458,435
NMO	25,151	0,03765	457,635
JTZ	25,166	0,07714	458,24
JZO	25,175	0,17651	458,1
SNWH	25,191	0,05559	457,955
YOSM	25,212	0,10956	458,47
MMTH	25,232	0,07647	457,805
MJSH	25,296	0,04642	457,51
NCNH	25,322	0,09103	457,65
USB	25,349	0,02132	457,17
NSMH	25,354	0,01711	457,6
MYJH	25,358	0,03268	457,615
JNAR	25,411	0,12375	457,74
KDIH	25,430	0,05264	457,51
SIBI	25,430	0,02876	457,51
AKNH	25,451	0,01832	457,335
OSUH	25,477	0,07482	457,145
KUSM	25,477	0,14098	458,195
SENH	25,517	0,04391	456,345
FUK	25,525	0,03893	457,355
JFU	25,579	0,03653	457,24
KORH	25,592	0,0317	457,08
TKAK	25,631	0,07201	456,765
KYAH	25,677	0,02386	457,31
UCNH	25,700	0,0466	457,12
QC06	25,753	0,04344	458,25
QC13	25,758	0,04389	457,945
QC09	25,758	0,05051	457,93
QF05	25,761	0,06348	458,215
JSU	25,780	0,041	456,775
JTSR	25,871	0,02751	456,7
CRNH	25,882	0,03651	456,31
SATA	25,924	0,03169	456,195
YKWH	25,945	0,04424	455,145
QC12	25,952	0,07663	457,925
JSJ	25,959	0,05278	456,995
CHOY	25,970	0,06887	456,075
QF16	26,000	0,04482	457,175
SATH	26,011	0,02608	457,405
CBIJ	26,021	0,05425	456,435
QF12	26,113	0,07716	457,14
JTN	26,291	0,03126	456,01
JHHJ	26,472	0,1	456,43
NAGT	26,775	0,02829	455,215
JKC	26,791	0,07456	454,805
QF14	26,964	0,072	455,77
PTGA	27,556	0,05418	454,17
JZK	28,758	0,12155	449,37
JAM	28,826	0,03797	451,605
QC04	29,335	0,0884	450,315
JTK	29,650	0,05274	449,31
L106	30,089	0,07621	449,06
JIH	30,726	0,0216	447,645
JOW	30,772	0,03446	447,045
TRQA	31,063	0,05654	447,22
JAGN	31,428	0,08363	446,31
OTAV	31,842	0,03962	445,815
JKE	31,856	0,06801	445,405
PLCA	32,496	0,03043	444
HOPE	32,521	0,074	444,415
RCBR	34,233	0,03827	442,025
YOJ	35,170	0,02363	437,67
